2100.0 0.2 1300.0
0.0 0.0 0.0
700.0 0.0 70.0
2100.0 0.2 1500.0
0.0 0.0 0.0
700.0 0.0 70.0
2100.0 0.2 1700.0
0.0 0.0 0.0
700.0 0.0 70.0
2100.0 0.2 1100.0
0.0 0.0 0.0
700.0 0.0 70.0
2100.0 0.2 900.0
0.0 0.0 0.0
700.0 0.0 70.0

400.0 0.2 1300.0
0.0 0.0 0.0
700.0 0.0 70.0
400.0 0.2 1500.0
0.0 0.0 0.0
700.0 0.0 70.0
400.0 0.2 1700.0
0.0 0.0 0.0
700.0 0.0 70.0
400.0 0.2 1100.0
0.0 0.0 0.0
700.0 0.0 70.0
400.0 0.2 900.0
0.0 0.0 0.0
700.0 0.0 70.0

-2100.0 0.2 1300.0
0.0 0.0 0.0
700.0 0.0 70.0
-2100.0 0.2 1500.0
0.0 0.0 0.0
700.0 0.0 70.0
-2100.0 0.2 1700.0
0.0 0.0 0.0
700.0 0.0 70.0
-2100.0 0.2 1100.0
0.0 0.0 0.0
700.0 0.0 70.0
-2100.0 0.2 900.0
0.0 0.0 0.0
700.0 0.0 70.0

-400.0 0.2 1300.0
0.0 0.0 0.0
700.0 0.0 70.0
-400.0 0.2 1500.0
0.0 0.0 0.0
700.0 0.0 70.0
-400.0 0.2 1700.0
0.0 0.0 0.0
700.0 0.0 70.0
-400.0 0.2 1100.0
0.0 0.0 0.0
700.0 0.0 70.0
-400.0 0.2 900.0
0.0 0.0 0.0
700.0 0.0 70.0

2100.0 0.2 -1300.0
0.0 0.0 0.0
700.0 0.0 70.0
2100.0 0.2 -1500.0
0.0 0.0 0.0
700.0 0.0 70.0
2100.0 0.2 -1700.0
0.0 0.0 0.0
700.0 0.0 70.0
2100.0 0.2 -1100.0
0.0 0.0 0.0
700.0 0.0 70.0
2100.0 0.2 -900.0
0.0 0.0 0.0
700.0 0.0 70.0

400.0 0.2 -1300.0
0.0 0.0 0.0
700.0 0.0 70.0
400.0 0.2 -1500.0
0.0 0.0 0.0
700.0 0.0 70.0
400.0 0.2 -1700.0
0.0 0.0 0.0
700.0 0.0 70.0
400.0 0.2 -1100.0
0.0 0.0 0.0
700.0 0.0 70.0
400.0 0.2 -900.0
0.0 0.0 0.0
700.0 0.0 70.0

-2100.0 0.2 -1300.0
0.0 0.0 0.0
700.0 0.0 70.0
-2100.0 0.2 -1500.0
0.0 0.0 0.0
700.0 0.0 70.0
-2100.0 0.2 -1700.0
0.0 0.0 0.0
700.0 0.0 70.0
-2100.0 0.2 -1100.0
0.0 0.0 0.0
700.0 0.0 70.0
-2100.0 0.2 -900.0
0.0 0.0 0.0
700.0 0.0 70.0

-400.0 0.2 -1300.0
0.0 0.0 0.0
700.0 0.0 70.0
-400.0 0.2 -1500.0
0.0 0.0 0.0
700.0 0.0 70.0
-400.0 0.2 -1700.0
0.0 0.0 0.0
700.0 0.0 70.0
-400.0 0.2 -1100.0
0.0 0.0 0.0
700.0 0.0 70.0
-400.0 0.2 -900.0
0.0 0.0 0.0
700.0 0.0 70.0



1300.0 0.2 2100.0
0.0 90.0 0.0
700.0 0.0 70.0
1500.0 0.2 2100.0
0.0 90.0 0.0
700.0 0.0 70.0
1700.0 0.2 2100.0
0.0 90.0 0.0
700.0 0.0 70.0
1100.0 0.2 2100.0
0.0 90.0 0.0
700.0 0.0 70.0
900.0 0.2 2100.0
0.0 90.0 0.0
700.0 0.0 70.0

1300.0 0.2 400.0
0.0 90.0 0.0
700.0 0.0 70.0
1500.0 0.2 400.0
0.0 90.0 0.0
700.0 0.0 70.0
1700.0 0.2 400.0
0.0 90.0 0.0
700.0 0.0 70.0
1100.0 0.2 400.0
0.0 90.0 0.0
700.0 0.0 70.0
900.0 0.2 400.0
0.0 90.0 0.0
700.0 0.0 70.0

-1300.0 0.2 2100.0
0.0 90.0 0.0
700.0 0.0 70.0
-1500.0 0.2 2100.0
0.0 90.0 0.0
700.0 0.0 70.0
-1700.0 0.2 2100.0
0.0 90.0 0.0
700.0 0.0 70.0
-1100.0 0.2 2100.0
0.0 90.0 0.0
700.0 0.0 70.0
-900.0 0.2 2100.0
0.0 90.0 0.0
700.0 0.0 70.0

-1300.0 0.2 400.0
0.0 90.0 0.0
700.0 0.0 70.0
-1500.0 0.2 400.0
0.0 90.0 0.0
700.0 0.0 70.0
-1700.0 0.2 400.0
0.0 90.0 0.0
700.0 0.0 70.0
-1100.0 0.2 400.0
0.0 90.0 0.0
700.0 0.0 70.0
-900.0 0.2 400.0
0.0 90.0 0.0
700.0 0.0 70.0

1300.0 0.2 -2100.0
0.0 90.0 0.0
700.0 0.0 70.0
1500.0 0.2 -2100.0
0.0 90.0 0.0
700.0 0.0 70.0
1700.0 0.2 -2100.0
0.0 90.0 0.0
700.0 0.0 70.0
1100.0 0.2 -2100.0
0.0 90.0 0.0
700.0 0.0 70.0
900.0 0.2 -2100.0
0.0 90.0 0.0
700.0 0.0 70.0

1300.0 0.2 -400.0
0.0 90.0 0.0
700.0 0.0 70.0
1500.0 0.2 -400.0
0.0 90.0 0.0
700.0 0.0 70.0
1700.0 0.2 -400.0
0.0 90.0 0.0
700.0 0.0 70.0
1100.0 0.2 -400.0
0.0 90.0 0.0
700.0 0.0 70.0
900.0 0.2 -400.0
0.0 90.0 0.0
700.0 0.0 70.0

-1300.0 0.2 -2100.0
0.0 90.0 0.0
700.0 0.0 70.0
-1500.0 0.2 -2100.0
0.0 90.0 0.0
700.0 0.0 70.0
-1700.0 0.2 -2100.0
0.0 90.0 0.0
700.0 0.0 70.0
-1100.0 0.2 -2100.0
0.0 90.0 0.0
700.0 0.0 70.0
-900.0 0.2 -2100.0
0.0 90.0 0.0
700.0 0.0 70.0

-1300.0 0.2 -400.0
0.0 90.0 0.0
700.0 0.0 70.0
-1500.0 0.2 -400.0
0.0 90.0 0.0
700.0 0.0 70.0
-1700.0 0.2 -400.0
0.0 90.0 0.0
700.0 0.0 70.0
-1100.0 0.2 -400.0
0.0 90.0 0.0
700.0 0.0 70.0
-900.0 0.2 -400.0
0.0 90.0 0.0
700.0 0.0 70.0