data\\MODEL\\House000.x 
-2500.0 0.0 2500.0
0.0 0.0 0.0
10.0 10.0 10.0
data\\MODEL\\House000.x 
0.0 0.0 2500.0
0.0 0.0 0.0
10.0 10.0 10.0
data\\MODEL\\House000.x 
2500.0 0.0 2500.0
0.0 0.0 0.0
10.0 10.0 10.0
data\\MODEL\\House000.x 
-2500.0 0.0 0.0
0.0 0.0 0.0
10.0 10.0 10.0
data\\MODEL\\House000.x 
0.0 0.0 0.0
0.0 0.0 0.0
10.0 10.0 10.0
data\\MODEL\\House000.x 
2500.0 0.0 0.0
0.0 0.0 0.0
10.0 10.0 10.0
data\\MODEL\\House000.x 
-2500.0 0.0 -2500.0
0.0 0.0 0.0
10.0 10.0 10.0
data\\MODEL\\House000.x 
0.0 0.0 -2500.0
0.0 0.0 0.0
10.0 10.0 10.0
data\\MODEL\\House000.x 
2500.0 0.0 -2500.0
0.0 0.0 0.0
10.0 10.0 10.0



data\\MODEL\\light000.x 
2600.0 0.0 1750.0
0.0 0.0 0.0
2.0 2.0 2.0
data\\MODEL\\light000.x 
1800.0 0.0 1750.0
0.0 0.0 0.0
2.0 2.0 2.0
data\\MODEL\\light000.x 
300.0 0.0 1750.0
0.0 0.0 0.0
2.0 2.0 2.0
data\\MODEL\\light000.x 
-300.0 0.0 1750.0
0.0 0.0 0.0
2.0 2.0 2.0
data\\MODEL\\light000.x 
-1800.0 0.0 1750.0
0.0 0.0 0.0
2.0 2.0 2.0
data\\MODEL\\light000.x 
-2600.0 0.0 1750.0
0.0 0.0 0.0
2.0 2.0 2.0

data\\MODEL\\light000.x 
2600.0 0.0 750.0
0.0 180.0 0.0
2.0 2.0 2.0
data\\MODEL\\light000.x 
1800.0 0.0 750.0
0.0 180.0 0.0
2.0 2.0 2.0
data\\MODEL\\light000.x 
300.0 0.0 750.0
0.0 180.0 0.0
2.0 2.0 2.0
data\\MODEL\\light000.x 
-300.0 0.0 750.0
0.0 180.0 0.0
2.0 2.0 2.0
data\\MODEL\\light000.x 
-1800.0 0.0 750.0
0.0 180.0 0.0
2.0 2.0 2.0
data\\MODEL\\light000.x 
-2600.0 0.0 750.0
0.0 180.0 0.0
2.0 2.0 2.0

data\\MODEL\\light000.x 
2600.0 0.0 -1750.0
0.0 180.0 0.0
2.0 2.0 2.0
data\\MODEL\\light000.x 
1800.0 0.0 -1750.0
0.0 180.0 0.0
2.0 2.0 2.0
data\\MODEL\\light000.x 
300.0 0.0 -1750.0
0.0 180.0 0.0
2.0 2.0 2.0
data\\MODEL\\light000.x 
-300.0 0.0 -1750.0
0.0 180.0 0.0
2.0 2.0 2.0
data\\MODEL\\light000.x 
-1800.0 0.0 -1750.0
0.0 180.0 0.0
2.0 2.0 2.0
data\\MODEL\\light000.x 
-2600.0 0.0 -1750.0
0.0 180.0 0.0
2.0 2.0 2.0

data\\MODEL\\light000.x 
2600.0 0.0 -750.0
0.0 0.0 0.0
2.0 2.0 2.0
data\\MODEL\\light000.x 
1800.0 0.0 -750.0
0.0 0.0 0.0
2.0 2.0 2.0
data\\MODEL\\light000.x 
300.0 0.0 -750.0
0.0 0.0 0.0
2.0 2.0 2.0
data\\MODEL\\light000.x 
-300.0 0.0 -750.0
0.0 0.0 0.0
2.0 2.0 2.0
data\\MODEL\\light000.x 
-1800.0 0.0 -750.0
0.0 0.0 0.0
2.0 2.0 2.0
data\\MODEL\\light000.x 
-2600.0 0.0 -750.0
0.0 0.0 0.0
2.0 2.0 2.0


data\\MODEL\\light000.x 
1750.0 0.0 2600.0
0.0 90.0 0.0
2.0 2.0 2.0
data\\MODEL\\light000.x 
1750.0 0.0 1800.0
0.0 90.0 0.0
2.0 2.0 2.0
data\\MODEL\\light000.x 
1750.0 0.0 300.0
0.0 90.0 0.0
2.0 2.0 2.0
data\\MODEL\\light000.x 
1750.0 0.0 -300.0
0.0 90.0 0.0
2.0 2.0 2.0
data\\MODEL\\light000.x 
1750.0 0.0 -1800.0
0.0 90.0 0.0
2.0 2.0 2.0
data\\MODEL\\light000.x 
1750.0 0.0 -2600.0
0.0 90.0 0.0
2.0 2.0 2.0

data\\MODEL\\light000.x 
750.0 0.0 2600.0
0.0 -90.0 0.0
2.0 2.0 2.0
data\\MODEL\\light000.x 
750.0 0.0 1800.0
0.0 -90.0 0.0
2.0 2.0 2.0
data\\MODEL\\light000.x 
750.0 0.0 300.0
0.0 -90.0 0.0
2.0 2.0 2.0
data\\MODEL\\light000.x 
750.0 0.0 -300.0
0.0 -90.0 0.0
2.0 2.0 2.0
data\\MODEL\\light000.x 
750.0 0.0 -1800.0
0.0 -90.0 0.0
2.0 2.0 2.0
data\\MODEL\\light000.x 
750.0 0.0 -2600.0
0.0 -90.0 0.0
2.0 2.0 2.0

data\\MODEL\\light000.x 
-1750.0 0.0 2600.0
0.0 -90.0 0.0
2.0 2.0 2.0
data\\MODEL\\light000.x 
-1750.0 0.0 1800.0
0.0 -90.0 0.0
2.0 2.0 2.0
data\\MODEL\\light000.x 
-1750.0 0.0 300.0
0.0 -90.0 0.0
2.0 2.0 2.0
data\\MODEL\\light000.x 
-1750.0 0.0 -300.0
0.0 -90.0 0.0
2.0 2.0 2.0
data\\MODEL\\light000.x 
-1750.0 0.0 -1800.0
0.0 -90.0 0.0
2.0 2.0 2.0
data\\MODEL\\light000.x 
-1750.0 0.0 -2600.0
0.0 -90.0 0.0
2.0 2.0 2.0

data\\MODEL\\light000.x 
-750.0 0.0 2600.0
0.0 90.0 0.0
2.0 2.0 2.0
data\\MODEL\\light000.x 
-750.0 0.0 1800.0
0.0 90.0 0.0
2.0 2.0 2.0
data\\MODEL\\light000.x 
-750.0 0.0 300.0
0.0 90.0 0.0
2.0 2.0 2.0
data\\MODEL\\light000.x 
-750.0 0.0 -300.0
0.0 90.0 0.0
2.0 2.0 2.0
data\\MODEL\\light000.x 
-750.0 0.0 -1800.0
0.0 90.0 0.0
2.0 2.0 2.0
data\\MODEL\\light000.x 
-750.0 0.0 -2600.0
0.0 90.0 0.0
2.0 2.0 2.0



data\\MODEL\\utilitypole000.x 
3000.0 0.0 1750.0
0.0 0.0 0.0
5.0 5.0 5.0
data\\MODEL\\utilitypole000.x 
2200.0 0.0 1750.0
0.0 0.0 0.0
5.0 5.0 5.0
data\\MODEL\\utilitypole000.x 
600.0 0.0 1750.0
0.0 0.0 0.0
5.0 5.0 5.0
data\\MODEL\\utilitypole000.x 
0.0 0.0 1750.0
0.0 0.0 0.0
5.0 5.0 5.0
data\\MODEL\\utilitypole000.x 
-600.0 0.0 1750.0
0.0 0.0 0.0
5.0 5.0 5.0
data\\MODEL\\utilitypole000.x 
-2200.0 0.0 1750.0
0.0 0.0 0.0
5.0 5.0 5.0
data\\MODEL\\utilitypole000.x 
-3000.0 0.0 1750.0
0.0 0.0 0.0
5.0 5.0 5.0

data\\MODEL\\utilitypole000.x 
3000.0 0.0 750.0
0.0 0.0 0.0
5.0 5.0 5.0
data\\MODEL\\utilitypole000.x 
2200.0 0.0 750.0
0.0 0.0 0.0
5.0 5.0 5.0
data\\MODEL\\utilitypole000.x 
600.0 0.0 750.0
0.0 0.0 0.0
5.0 5.0 5.0
data\\MODEL\\utilitypole000.x 
0.0 0.0 750.0
0.0 0.0 0.0
5.0 5.0 5.0
data\\MODEL\\utilitypole000.x 
-600.0 0.0 750.0
0.0 0.0 0.0
5.0 5.0 5.0
data\\MODEL\\utilitypole000.x 
-2200.0 0.0 750.0
0.0 0.0 0.0
5.0 5.0 5.0
data\\MODEL\\utilitypole000.x 
-3000.0 0.0 750.0
0.0 0.0 0.0
5.0 5.0 5.0

data\\MODEL\\utilitypole000.x 
3000.0 0.0 -1750.0
0.0 0.0 0.0
5.0 5.0 5.0
data\\MODEL\\utilitypole000.x 
2200.0 0.0 -1750.0
0.0 0.0 0.0
5.0 5.0 5.0
data\\MODEL\\utilitypole000.x 
600.0 0.0 -1750.0
0.0 0.0 0.0
5.0 5.0 5.0
data\\MODEL\\utilitypole000.x 
0.0 0.0 -1750.0
0.0 0.0 0.0
5.0 5.0 5.0
data\\MODEL\\utilitypole000.x 
-600.0 0.0 -1750.0
0.0 0.0 0.0
5.0 5.0 5.0
data\\MODEL\\utilitypole000.x 
-2200.0 0.0 -1750.0
0.0 0.0 0.0
5.0 5.0 5.0
data\\MODEL\\utilitypole000.x 
-3000.0 0.0 -1750.0
0.0 0.0 0.0
5.0 5.0 5.0

data\\MODEL\\utilitypole000.x 
3000.0 0.0 -750.0
0.0 0.0 0.0
5.0 5.0 5.0
data\\MODEL\\utilitypole000.x 
2200.0 0.0 -750.0
0.0 0.0 0.0
5.0 5.0 5.0
data\\MODEL\\utilitypole000.x 
600.0 0.0 -750.0
0.0 0.0 0.0
5.0 5.0 5.0
data\\MODEL\\utilitypole000.x 
0.0 0.0 -750.0
0.0 0.0 0.0
5.0 5.0 5.0
data\\MODEL\\utilitypole000.x 
-600.0 0.0 -750.0
0.0 0.0 0.0
5.0 5.0 5.0
data\\MODEL\\utilitypole000.x 
-2200.0 0.0 -750.0
0.0 0.0 0.0
5.0 5.0 5.0
data\\MODEL\\utilitypole000.x 
-3000.0 0.0 -750.0
0.0 0.0 0.0
5.0 5.0 5.0


data\\MODEL\\utilitypole000.x 
1750.0 0.0 3000.0
0.0 90.0 0.0
5.0 5.0 5.0
data\\MODEL\\utilitypole000.x 
1750.0 0.0 2200.0
0.0 90.0 0.0
5.0 5.0 5.0
data\\MODEL\\utilitypole000.x 
1750.0 0.0 600.0
0.0 90.0 0.0
5.0 5.0 5.0
data\\MODEL\\utilitypole000.x 
1750.0 0.0 0.0
0.0 90.0 0.0
5.0 5.0 5.0
data\\MODEL\\utilitypole000.x 
1750.0 0.0 -600.0
0.0 90.0 0.0
5.0 5.0 5.0
data\\MODEL\\utilitypole000.x 
1750.0 0.0 -2200.0
0.0 90.0 0.0
5.0 5.0 5.0
data\\MODEL\\utilitypole000.x 
1750.0 0.0 -3000.0
0.0 90.0 0.0
5.0 5.0 5.0

data\\MODEL\\utilitypole000.x 
750.0 0.0 3000.0
0.0 90.0 0.0
5.0 5.0 5.0
data\\MODEL\\utilitypole000.x 
750.0 0.0 2200.0
0.0 90.0 0.0
5.0 5.0 5.0
data\\MODEL\\utilitypole000.x 
750.0 0.0 600.0
0.0 90.0 0.0
5.0 5.0 5.0
data\\MODEL\\utilitypole000.x 
750.0 0.0 0.0
0.0 90.0 0.0
5.0 5.0 5.0
data\\MODEL\\utilitypole000.x 
750.0 0.0 -600.0
0.0 90.0 0.0
5.0 5.0 5.0
data\\MODEL\\utilitypole000.x 
750.0 0.0 -2200.0
0.0 90.0 0.0
5.0 5.0 5.0
data\\MODEL\\utilitypole000.x 
750.0 0.0 -3000.0
0.0 90.0 0.0
5.0 5.0 5.0

data\\MODEL\\utilitypole000.x 
-1750.0 0.0 3000.0
0.0 90.0 0.0
5.0 5.0 5.0
data\\MODEL\\utilitypole000.x 
-1750.0 0.0 2200.0
0.0 90.0 0.0
5.0 5.0 5.0
data\\MODEL\\utilitypole000.x 
-1750.0 0.0 600.0
0.0 90.0 0.0
5.0 5.0 5.0
data\\MODEL\\utilitypole000.x 
-1750.0 0.0 0.0
0.0 90.0 0.0
5.0 5.0 5.0
data\\MODEL\\utilitypole000.x 
-1750.0 0.0 -600.0
0.0 90.0 0.0
5.0 5.0 5.0
data\\MODEL\\utilitypole000.x 
-1750.0 0.0 -2200.0
0.0 90.0 0.0
5.0 5.0 5.0
data\\MODEL\\utilitypole000.x 
-1750.0 0.0 -3000.0
0.0 90.0 0.0
5.0 5.0 5.0

data\\MODEL\\utilitypole000.x 
-750.0 0.0 3000.0
0.0 90.0 0.0
5.0 5.0 5.0
data\\MODEL\\utilitypole000.x 
-750.0 0.0 2200.0
0.0 90.0 0.0
5.0 5.0 5.0
data\\MODEL\\utilitypole000.x 
-750.0 0.0 600.0
0.0 90.0 0.0
5.0 5.0 5.0
data\\MODEL\\utilitypole000.x 
-750.0 0.0 0.0
0.0 90.0 0.0
5.0 5.0 5.0
data\\MODEL\\utilitypole000.x 
-750.0 0.0 -600.0
0.0 90.0 0.0
5.0 5.0 5.0
data\\MODEL\\utilitypole000.x 
-750.0 0.0 -2200.0
0.0 90.0 0.0
5.0 5.0 5.0
data\\MODEL\\utilitypole000.x 
-750.0 0.0 -3000.0
0.0 90.0 0.0
5.0 5.0 5.0



data\\MODEL\\renga.x 
-1680.0 30.0 2300.0
0.0 0.0 0.0
1.0 1.0 1.0
data\\MODEL\\renga.x 
-1580.0 30.0 2380.0
0.0 90.0 0.0
1.0 1.0 1.0
data\\MODEL\\renga.x 
-1580.0 30.0 2560.0
0.0 90.0 0.0
1.0 1.0 1.0
data\\MODEL\\renga.x 
-1580.0 30.0 2740.0
0.0 90.0 0.0
1.0 1.0 1.0
data\\MODEL\\renga.x 
-1580.0 30.0 2920.0
0.0 90.0 0.0
1.0 1.0 1.0
data\\MODEL\\renga.x 
-1580.0 30.0 3100.0
0.0 90.0 0.0
1.0 1.0 1.0
data\\MODEL\\renga.x 
-1580.0 30.0 3280.0
0.0 90.0 0.0
1.0 1.0 1.0

data\\MODEL\\renga.x 
1680.0 30.0 -2300.0
0.0 0.0 0.0
1.0 1.0 1.0
data\\MODEL\\renga.x 
1580.0 30.0 -2380.0
0.0 90.0 0.0
1.0 1.0 1.0
data\\MODEL\\renga.x 
1580.0 30.0 -2560.0
0.0 90.0 0.0
1.0 1.0 1.0
data\\MODEL\\renga.x 
1580.0 30.0 -2740.0
0.0 90.0 0.0
1.0 1.0 1.0
data\\MODEL\\renga.x 
1580.0 30.0 -2920.0
0.0 90.0 0.0
1.0 1.0 1.0
data\\MODEL\\renga.x 
1580.0 30.0 -3100.0
0.0 90.0 0.0
1.0 1.0 1.0
data\\MODEL\\renga.x 
1580.0 30.0 -3280.0
0.0 90.0 0.0
1.0 1.0 1.0



data\\MODEL\\light001.x 
0.0 100.0 -1500.0
0.0 0.0 0.0
5.0 5.0 5.0
