0.0 0.0 1800.0
0.0 0.0 0.0
0.3 0.3 0.3
-300.0 0.0 1800.0
0.0 0.0 0.0
0.3 0.3 0.3
300.0 0.0 1800.0
0.0 0.0 0.0
0.3 0.3 0.3
-600.0 0.0 1800.0
0.0 0.0 0.0
0.3 0.3 0.3
600.0 0.0 1800.0
0.0 0.0 0.0
0.3 0.3 0.3

-750.0 0.0 1950.0
0.0 90.0 0.0
0.3 0.3 0.3
-750.0 0.0 2250.0
0.0 90.0 0.0
0.3 0.3 0.3
-750.0 0.0 2550.0
0.0 90.0 0.0
0.3 0.3 0.3
-750.0 0.0 2850.0
0.0 90.0 0.0
0.3 0.3 0.3
-750.0 0.0 3150.0
0.0 90.0 0.0
0.3 0.3 0.3

750.0 0.0 1950.0
0.0 -90.0 0.0
0.3 0.3 0.3
750.0 0.0 2250.0
0.0 -90.0 0.0
0.3 0.3 0.3
750.0 0.0 2550.0
0.0 -90.0 0.0
0.3 0.3 0.3
750.0 0.0 2850.0
0.0 -90.0 0.0
0.3 0.3 0.3
750.0 0.0 3150.0
0.0 -90.0 0.0
0.3 0.3 0.3



-1900.0 0.0 1800.0
0.0 0.0 0.0
0.3 0.3 0.3
-2200.0 0.0 1800.0
0.0 0.0 0.0
0.3 0.3 0.3
-2500.0 0.0 1800.0
0.0 0.0 0.0
0.3 0.3 0.3
-2800.0 0.0 1800.0
0.0 0.0 0.0
0.3 0.3 0.3
-3100.0 0.0 1800.0
0.0 0.0 0.0
0.3 0.3 0.3

-1750.0 0.0 1950.0
0.0 -90.0 0.0
0.3 0.3 0.3
-1750.0 0.0 2250.0
0.0 -90.0 0.0
0.3 0.3 0.3
-1750.0 0.0 2550.0
0.0 -90.0 0.0
0.3 0.3 0.3
-1750.0 0.0 2850.0
0.0 -90.0 0.0
0.3 0.3 0.3
-1750.0 0.0 3150.0
0.0 -90.0 0.0
0.3 0.3 0.3



1900.0 0.0 1800.0
0.0 0.0 0.0
0.3 0.3 0.3
2200.0 0.0 1800.0
0.0 0.0 0.0
0.3 0.3 0.3
2500.0 0.0 1800.0
0.0 0.0 0.0
0.3 0.3 0.3
2800.0 0.0 1800.0
0.0 0.0 0.0
0.3 0.3 0.3
3100.0 0.0 1800.0
0.0 0.0 0.0
0.3 0.3 0.3

1750.0 0.0 1950.0
0.0 90.0 0.0
0.3 0.3 0.3
1750.0 0.0 2250.0
0.0 90.0 0.0
0.3 0.3 0.3
1750.0 0.0 2550.0
0.0 90.0 0.0
0.3 0.3 0.3
1750.0 0.0 2850.0
0.0 90.0 0.0
0.3 0.3 0.3
1750.0 0.0 3150.0
0.0 90.0 0.0
0.3 0.3 0.3



0.0 0.0 -1800.0
0.0 180.0 0.0
0.3 0.3 0.3
-300.0 0.0 -1800.0
0.0 180.0 0.0
0.3 0.3 0.3
300.0 0.0 -1800.0
0.0 180.0 0.0
0.3 0.3 0.3
-600.0 0.0 -1800.0
0.0 180.0 0.0
0.3 0.3 0.3
600.0 0.0 -1800.0
0.0 180.0 0.0
0.3 0.3 0.3

750.0 0.0 -1950.0
0.0 -90.0 0.0
0.3 0.3 0.3
750.0 0.0 -2250.0
0.0 -90.0 0.0
0.3 0.3 0.3
750.0 0.0 -2550.0
0.0 -90.0 0.0
0.3 0.3 0.3
750.0 0.0 -2850.0
0.0 -90.0 0.0
0.3 0.3 0.3
750.0 0.0 -3150.0
0.0 -90.0 0.0
0.3 0.3 0.3

-750.0 0.0 -1950.0
0.0 90.0 0.0
0.3 0.3 0.3
-750.0 0.0 -2250.0
0.0 90.0 0.0
0.3 0.3 0.3
-750.0 0.0 -2550.0
0.0 90.0 0.0
0.3 0.3 0.3
-750.0 0.0 -2850.0
0.0 90.0 0.0
0.3 0.3 0.3
-750.0 0.0 -3150.0
0.0 90.0 0.0
0.3 0.3 0.3



-1900.0 0.0 -1800.0
0.0 180.0 0.0
0.3 0.3 0.3
-2200.0 0.0 -1800.0
0.0 180.0 0.0
0.3 0.3 0.3
-2500.0 0.0 -1800.0
0.0 180.0 0.0
0.3 0.3 0.3
-2800.0 0.0 -1800.0
0.0 180.0 0.0
0.3 0.3 0.3
-3100.0 0.0 -1800.0
0.0 180.0 0.0
0.3 0.3 0.3

-1750.0 0.0 -1950.0
0.0 -90.0 0.0
0.3 0.3 0.3
-1750.0 0.0 -2250.0
0.0 -90.0 0.0
0.3 0.3 0.3
-1750.0 0.0 -2550.0
0.0 -90.0 0.0
0.3 0.3 0.3
-1750.0 0.0 -2850.0
0.0 -90.0 0.0
0.3 0.3 0.3
-1750.0 0.0 -3150.0
0.0 -90.0 0.0
0.3 0.3 0.3



1900.0 0.0 -1800.0
0.0 180.0 0.0
0.3 0.3 0.3
2200.0 0.0 -1800.0
0.0 180.0 0.0
0.3 0.3 0.3
2500.0 0.0 -1800.0
0.0 180.0 0.0
0.3 0.3 0.3
2800.0 0.0 -1800.0
0.0 180.0 0.0
0.3 0.3 0.3
3100.0 0.0 -1800.0
0.0 180.0 0.0
0.3 0.3 0.3

1750.0 0.0 -1950.0
0.0 90.0 0.0
0.3 0.3 0.3
1750.0 0.0 -2250.0
0.0 90.0 0.0
0.3 0.3 0.3
1750.0 0.0 -2550.0
0.0 90.0 0.0
0.3 0.3 0.3
1750.0 0.0 -2850.0
0.0 90.0 0.0
0.3 0.3 0.3
1750.0 0.0 -3150.0
0.0 90.0 0.0
0.3 0.3 0.3



-1800.0 0.0 0.0
0.0 -90.0 0.0
0.3 0.3 0.3
-1800.0 0.0 -300.0
0.0 -90.0 0.0
0.3 0.3 0.3
-1800.0 0.0 300.0
0.0 -90.0 0.0
0.3 0.3 0.3
-1800.0 0.0 -600.0
0.0 -90.0 0.0
0.3 0.3 0.3
-1800.0 0.0 600.0
0.0 -90.0 0.0
0.3 0.3 0.3

-1950.0 0.0 -750.0
0.0 0.0 0.0
0.3 0.3 0.3
-2250.0 0.0 -750.0
0.0 0.0 0.0
0.3 0.3 0.3
-2550.0 0.0 -750.0
0.0 0.0 0.0
0.3 0.3 0.3
-2850.0 0.0 -750.0
0.0 0.0 0.0
0.3 0.3 0.3
-3150.0 0.0 -750.0
0.0 0.0 0.0
0.3 0.3 0.3

-1950.0 0.0 750.0
0.0 180.0 0.0
0.3 0.3 0.3
-2250.0 0.0 750.0
0.0 180.0 0.0
0.3 0.3 0.3
-2550.0 0.0 750.0
0.0 180.0 0.0
0.3 0.3 0.3
-2850.0 0.0 750.0
0.0 180.0 0.0
0.3 0.3 0.3
-3150.0 0.0 750.0
0.0 180.0 0.0
0.3 0.3 0.3



1800.0 0.0 0.0
0.0 90.0 0.0
0.3 0.3 0.3
1800.0 0.0 -300.0
0.0 90.0 0.0
0.3 0.3 0.3
1800.0 0.0 300.0
0.0 90.0 0.0
0.3 0.3 0.3
1800.0 0.0 -600.0
0.0 90.0 0.0
0.3 0.3 0.3
1800.0 0.0 600.0
0.0 90.0 0.0
0.3 0.3 0.3

1950.0 0.0 -750.0
0.0 0.0 0.0
0.3 0.3 0.3
2250.0 0.0 -750.0
0.0 0.0 0.0
0.3 0.3 0.3
2550.0 0.0 -750.0
0.0 0.0 0.0
0.3 0.3 0.3
2850.0 0.0 -750.0
0.0 0.0 0.0
0.3 0.3 0.3
3150.0 0.0 -750.0
0.0 0.0 0.0
0.3 0.3 0.3

1950.0 0.0 750.0
0.0 180.0 0.0
0.3 0.3 0.3
2250.0 0.0 750.0
0.0 180.0 0.0
0.3 0.3 0.3
2550.0 0.0 750.0
0.0 180.0 0.0
0.3 0.3 0.3
2850.0 0.0 750.0
0.0 180.0 0.0
0.3 0.3 0.3
3150.0 0.0 750.0
0.0 180.0 0.0
0.3 0.3 0.3



0.0 0.0 -750.0
0.0 0.0 0.0
0.3 0.3 0.3
-300.0 0.0 -750.0
0.0 0.0 0.0
0.3 0.3 0.3
300.0 0.0 -750.0
0.0 0.0 0.0
0.3 0.3 0.3
-600.0 0.0 -750.0
0.0 0.0 0.0
0.3 0.3 0.3
600.0 0.0 -750.0
0.0 0.0 0.0
0.3 0.3 0.3

0.0 0.0 750.0
0.0 180.0 0.0
0.3 0.3 0.3
-300.0 0.0 750.0
0.0 180.0 0.0
0.3 0.3 0.3
300.0 0.0 750.0
0.0 180.0 0.0
0.3 0.3 0.3
-600.0 0.0 750.0
0.0 180.0 0.0
0.3 0.3 0.3
600.0 0.0 750.0
0.0 180.0 0.0
0.3 0.3 0.3

-750.0 0.0 -600.0
0.0 90.0 0.0
0.3 0.3 0.3
-750.0 0.0 -300.0
0.0 90.0 0.0
0.3 0.3 0.3
-750.0 0.0 0.0
0.0 90.0 0.0
0.3 0.3 0.3
-750.0 0.0 300.0
0.0 90.0 0.0
0.3 0.3 0.3
-750.0 0.0 600.0
0.0 90.0 0.0
0.3 0.3 0.3

750.0 0.0 -600.0
0.0 -90.0 0.0
0.3 0.3 0.3
750.0 0.0 -300.0
0.0 -90.0 0.0
0.3 0.3 0.3
750.0 0.0 0.0
0.0 -90.0 0.0
0.3 0.3 0.3
750.0 0.0 300.0
0.0 -90.0 0.0
0.3 0.3 0.3
750.0 0.0 600.0
0.0 -90.0 0.0
0.3 0.3 0.3
